<?xml version="1.0"?>
<opencv_storage>
<calibration_Time>"11/06/15 18:52:48"</calibration_Time>
<nrOfFrames>25</nrOfFrames>
<image_Width>640</image_Width>
<image_Height>480</image_Height>
<board_Width>9</board_Width>
<board_Height>6</board_Height>
<square_Size>50.</square_Size>
<FixAspectRatio>1.</FixAspectRatio>
<!-- flags:  +fix_aspectRatio +fix_principal_point +zero_tangent_dist -->
<flagValue>14</flagValue>
<Camera_Matrix type_id="opencv-matrix">
  <rows>3</rows>
  <cols>3</cols>
  <dt>d</dt>
  <data>
    4.4312982388460875e+002 0. 3.1950000000000000e+002 0.
    4.4312982388460875e+002 2.3950000000000000e+002 0. 0. 1.</data></Camera_Matrix>
<Distortion_Coefficients type_id="opencv-matrix">
  <rows>5</rows>
  <cols>1</cols>
  <dt>d</dt>
  <data>
    -2.6999237230600895e-002 -2.0388447698999494e-002 0. 0.
    2.6930693373321052e-001</data></Distortion_Coefficients>
<Avg_Reprojection_Error>1.1857594052275555e+000</Avg_Reprojection_Error>
<Per_View_Reprojection_Errors type_id="opencv-matrix">
  <rows>25</rows>
  <cols>1</cols>
  <dt>f</dt>
  <data>
    5.14272451e+000 1.31566441e+000 4.23298836e-001 6.73302889e-001
    5.62828004e-001 6.28457606e-001 5.41469395e-001 5.20396769e-001
    5.89258969e-001 5.37671387e-001 4.63466227e-001 5.64610898e-001
    5.01403511e-001 8.29506576e-001 8.89672220e-001 4.85527933e-001
    3.55645806e-001 3.35248441e-001 3.52665216e-001 3.32538307e-001
    3.91610146e-001 6.58561945e-001 6.28186405e-001 5.43719172e-001
    4.19532031e-001</data></Per_View_Reprojection_Errors>
<!-- a set of 6-tuples (rotation vector + translation vector) for each view -->
<Extrinsic_Parameters type_id="opencv-matrix">
  <rows>25</rows>
  <cols>6</cols>
  <dt>d</dt>
  <data>
    -1.6981910502433026e-001 2.2203290253540267e-001
    3.0904420415960678e+000 2.4352835088735156e+002
    1.8443384528431889e+002 6.2294414631438599e+002
    -1.8001608539943698e-001 3.1537180389969438e-001
    3.0865383633200856e+000 2.4249743816423126e+002
    2.0726801812687285e+002 5.9483282899809103e+002
    -1.5779893653597196e-001 2.6375187543908296e-001
    3.0774705308671715e+000 2.3939606122439889e+002
    2.0612551456751157e+002 6.1537328561506320e+002
    -1.1937553747200154e-001 3.4275304192169737e-001
    3.0724519579389078e+000 2.3928616735582534e+002
    2.0697890861256903e+002 5.8457109275839605e+002
    -8.0748708956588186e-002 3.0946745261573283e-001
    3.0890604981231053e+000 2.4049336840339117e+002
    2.1199223470834866e+002 5.7062886832641186e+002
    -6.0722854460982932e-002 3.1782325038276443e-001
    3.0953783335583482e+000 2.4071711832740075e+002
    2.1257104455705780e+002 5.5906273546657440e+002
    -5.0179037750638998e-002 3.0541232044125127e-001
    3.0967694499612146e+000 2.4332628743098738e+002
    2.0773533122077106e+002 5.5689925431489837e+002
    -5.2489520230422797e-002 2.9771918927109497e-001
    3.0966434949624562e+000 2.4244479090240065e+002
    2.0706534124953177e+002 5.6311132427487166e+002
    -6.2051200742320171e-002 3.0727047746475511e-001
    3.0907612669114028e+000 2.4387638053490451e+002
    2.0757643500741924e+002 5.7469995264743693e+002
    -6.3659556807815640e-002 3.1823312211267785e-001
    3.0972520961667356e+000 2.4517870506167273e+002
    2.1026023587181990e+002 5.7935692208727107e+002
    -4.6026294810029303e-002 2.9277312347157974e-001
    3.1161510107552108e+000 2.4056127708813099e+002
    2.1315504459930401e+002 5.8342379663327529e+002
    3.8361890002842999e-002 -2.9013197950371233e-001
    -3.1223199168466498e+000 2.3912366851078207e+002
    2.0814947690159045e+002 5.8555426158448824e+002
    1.6008040950175755e-002 -3.1838714889601882e-001
    -3.1136068061803455e+000 2.3643738711398274e+002
    2.0361809487348691e+002 5.8003954175294621e+002
    1.2211215423956098e-001 -2.6001237073642886e-001
    -3.1259256570704106e+000 2.2133990769852159e+002
    2.0467952285707975e+002 6.3351094111482826e+002
    -2.5983871779705625e-001 2.2190774498144733e-001
    3.0459526764238540e+000 2.4282585429100371e+002
    8.0604142005844778e+001 6.4974583464179750e+002
    -2.3961249389509728e-001 2.2594223955968445e-001
    3.0488278880295416e+000 2.3982097721295153e+002
    7.5113489468651665e+001 6.3687828122656128e+002
    3.0799177481395229e-001 -1.7981582735387383e-001
    -3.0752920198306799e+000 1.6832033967673593e+002
    1.6573672357475331e+002 6.5274058602264745e+002
    2.8869880717215846e-001 -1.7508123034049045e-001
    -3.0594380486427242e+000 1.6316398296793545e+002
    1.7137996237294252e+002 6.4382298036708312e+002
    2.7602838525073953e-001 -1.4336092121994443e-001
    -3.0361078768090022e+000 1.5808571081573439e+002
    1.7784075618865342e+002 6.3970521299064353e+002
    2.7624217185572331e-001 -1.0851982160679186e-001
    -3.0074528049288181e+000 1.4746954452264839e+002
    1.8901346031882306e+002 6.4866931136363223e+002
    2.4932763729247262e-001 -1.3263209762067538e-001
    -2.9864544065888636e+000 1.4062248135190126e+002
    2.0899777828145034e+002 6.3801725409130643e+002
    2.4839044295856144e-001 -2.3669647410515365e-001
    -3.0821747590102850e+000 1.6757153151234363e+002
    1.7702368736899419e+002 6.2977788732276713e+002
    -1.9140513359411560e-001 1.9159243326265660e-001
    3.0776135065439854e+000 1.9864812816457390e+002
    1.5450959907403004e+002 6.3147242047864427e+002
    -1.5916025098213935e-001 2.3418333561624999e-001
    3.0722609244298003e+000 2.0647321254055575e+002
    1.6664758861463056e+002 6.0522388002040498e+002
    -1.6844045654141146e-001 2.1339933666029204e-001
    3.0741753883206950e+000 2.0405719860584264e+002
    1.7329320053046303e+002 6.1196518568635747e+002</data></Extrinsic_Parameters>
