<?xml version="1.0"?>
<opencv_storage>
<H_matrix type_id="opencv-matrix">
  <rows>3</rows>
  <cols>3</cols>
  <dt>d</dt>
  <data>
    -4.3619280823260326e+001 8.7759908328024725e+000
    5.1040930175781256e+002 -5.3801177413316719e+000
    -3.8752005426650427e+001 4.6914746093750045e+002
    -2.9870918945763200e-003 1.3868312826265335e-002 -19.</data></H_matrix>
</opencv_storage>
