<?xml version="1.0"?>
<opencv_storage>
<H_matrix type_id="opencv-matrix">
  <rows>3</rows>
  <cols>3</cols>
  <dt>f</dt>
  <data>
    500. -3.00633789e+002 -2.38478906e+004 0. -5.41742935e+001
    6.10018320e+004 0. -9.39480603e-001 4.25475342e+002</data></H_matrix>
</opencv_storage>
