<?xml version="1.0"?>
<opencv_storage>
<H_matrix type_id="opencv-matrix">
  <rows>3</rows>
  <cols>3</cols>
  <dt>f</dt>
  <data>
    500. -2.98675659e+002 -2.43178320e+004 0. -4.45378227e+001
    5.86890820e+004 0. -9.33361471e-001 4.24006775e+002</data></H_matrix>
</opencv_storage>
