<?xml version="1.0"?>
<opencv_storage>
<H_matrix type_id="opencv-matrix">
  <rows>3</rows>
  <cols>3</cols>
  <dt>d</dt>
  <data>
    -3.2861313608996852e+001 3.5550003005560882e+001
    4.5388842773437500e+002 1.3209387723100861e+000
    5.8659347270123305e+000 3.9901806640625006e+002
    1.5796594159547483e-002 1.0022960142199716e-001 -20.</data></H_matrix>
</opencv_storage>
